	COMPOUND	CONCENTRATION	variable	value	value_normalized
0	WT	6000.0	0	109.0	61.0
1	WT	2000.0	0	109.0	61.0
2	WT	666.6666667	0	108.0	60.0
3	WT	222.2222222	0	107.0	59.0
4	WT	74.07407407	0	93.0	45.0
5	WT	24.69135802	0	68.0	20.0
6	WT	8.230452675	0	52.0	4.0
7	WT	2.743484225	0	49.0	1.0
8	WT	0.914494742	0	49.0	1.0
9	WT	0.304831581	0	48.0	0.0
10	WT	0.101610527	0	48.0	0.0
11	WT	0.0	0	48.0	
12	Y371C	6000.0	0	109.0	61.0
13	Y371C	2000.0	0	105.0	57.0
14	Y371C	666.6666667	0	95.0	47.0
15	Y371C	222.2222222	0	73.0	25.0
16	Y371C	74.07407407	0	57.0	9.0
17	Y371C	24.69135802	0	52.0	4.0
18	Y371C	8.230452675	0	49.0	1.0
19	Y371C	2.743484225	0	48.0	0.0
20	Y371C	0.914494742	0	48.0	0.0
21	Y371C	0.304831581	0	48.0	0.0
22	Y371C	0.101610527	0	48.0	0.0
23	Y371C	0.0	0	49.0	
24	A211D	6000.0	0	61.0	13.333333333333336
25	A211D	2000.0	0	55.0	7.333333333333336
26	A211D	666.6666667	0	51.0	3.3333333333333357
27	A211D	222.2222222	0	51.0	3.3333333333333357
28	A211D	74.07407407	0	49.0	1.3333333333333357
29	A211D	24.69135802	0	47.0	-0.6666666666666643
30	A211D	8.230452675	0	47.0	-0.6666666666666643
31	A211D	2.743484225	0	48.0	0.3333333333333357
32	A211D	0.914494742	0	48.0	0.3333333333333357
33	A211D	0.304831581	0	48.0	0.3333333333333357
34	A211D	0.101610527	0	47.0	-0.6666666666666643
35	A211D	0.0	0	47.0	
36	WT	6000.0	1	108.0	60.0
37	WT	2000.0	1	108.0	60.0
38	WT	666.6666667	1	108.0	60.0
39	WT	222.2222222	1	105.0	57.0
40	WT	74.07407407	1	93.0	45.0
41	WT	24.69135802	1	68.0	20.0
42	WT	8.230452675	1	51.0	3.0
43	WT	2.743484225	1	48.0	0.0
44	WT	0.914494742	1	48.0	0.0
45	WT	0.304831581	1	46.0	-2.0
46	WT	0.101610527	1	47.0	-1.0
47	WT	0.0	1	48.0	
48	Y371C	6000.0	1	108.0	60.0
49	Y371C	2000.0	1	105.0	57.0
50	Y371C	666.6666667	1	95.0	47.0
51	Y371C	222.2222222	1	74.0	26.0
52	Y371C	74.07407407	1	57.0	9.0
53	Y371C	24.69135802	1	54.0	6.0
54	Y371C	8.230452675	1	51.0	3.0
55	Y371C	2.743484225	1	49.0	1.0
56	Y371C	0.914494742	1	49.0	1.0
57	Y371C	0.304831581	1	49.0	1.0
58	Y371C	0.101610527	1	48.0	0.0
59	Y371C	0.0	1	48.0	
60	A211D	6000.0	1	62.0	14.333333333333336
61	A211D	2000.0	1	55.0	7.333333333333336
62	A211D	666.6666667	1	51.0	3.3333333333333357
63	A211D	222.2222222	1	49.0	1.3333333333333357
64	A211D	74.07407407	1	49.0	1.3333333333333357
65	A211D	24.69135802	1	49.0	1.3333333333333357
66	A211D	8.230452675	1	48.0	0.3333333333333357
67	A211D	2.743484225	1	49.0	1.3333333333333357
68	A211D	0.914494742	1	49.0	1.3333333333333357
69	A211D	0.304831581	1	47.0	-0.6666666666666643
70	A211D	0.101610527	1	49.0	1.3333333333333357
71	A211D	0.0	1	49.0	
72	WT	6000.0	2		
73	WT	2000.0	2		
74	WT	666.6666667	2		
75	WT	222.2222222	2		
76	WT	74.07407407	2		
77	WT	24.69135802	2		
78	WT	8.230452675	2		
79	WT	2.743484225	2		
80	WT	0.914494742	2		
81	WT	0.304831581	2		
82	WT	0.101610527	2		
83	WT	0.0	2		
84	Y371C	6000.0	2	109.0	61.0
85	Y371C	2000.0	2	105.0	57.0
86	Y371C	666.6666667	2	94.0	46.0
87	Y371C	222.2222222	2	72.0	24.0
88	Y371C	74.07407407	2	55.0	7.0
89	Y371C	24.69135802	2	51.0	3.0
90	Y371C	8.230452675	2	48.0	0.0
91	Y371C	2.743484225	2	49.0	1.0
92	Y371C	0.914494742	2	49.0	1.0
93	Y371C	0.304831581	2	48.0	0.0
94	Y371C	0.101610527	2	47.0	-1.0
95	Y371C	0.0	2	47.0	
96	A211D	6000.0	2	58.0	10.333333333333336
97	A211D	2000.0	2	54.0	6.333333333333336
98	A211D	666.6666667	2	51.0	3.3333333333333357
99	A211D	222.2222222	2	49.0	1.3333333333333357
100	A211D	74.07407407	2	48.0	0.3333333333333357
101	A211D	24.69135802	2	46.0	-1.6666666666666643
102	A211D	8.230452675	2	48.0	0.3333333333333357
103	A211D	2.743484225	2	47.0	-0.6666666666666643
104	A211D	0.914494742	2	48.0	0.3333333333333357
105	A211D	0.304831581	2	48.0	0.3333333333333357
106	A211D	0.101610527	2	46.0	-1.6666666666666643
107	A211D	0.0	2	47.0	
